# An example environment
# boundary xmin ymin zmin xmax ymax zmax
# block xmin ymin zmin xmax ymax zmax r g b
#boundary -1 -1 -1 1 1 1
boundary -0.10 -1.75 -0.35 0.35 0.10 -0.60

#block 0.5610 -0.1308 0.13044 0.5801 -0.049253477 -0.2799
#block 1.3419 0.0221 -0.008 1.3668 0.105262 -0.549137

#block -0.004 -0.003 -0.036 -0.005 -0.002 0.034 125 125 0
#block 0.06 0.003 -0.036 0.05 0.002 0.034 125 125 0


#block -0.0694 -0.295 -0.3714 0.01709557 -0.30217298  0.04601389 125 125 0
#block 0.1094955   0.46238723 -0.33493896 0.18452408 0.5238433  0.19456308 125 125 0


#block 20.0 20.0 1.0 30.0 30.0 5.0 0 125 250
#block 40.0 30.0 1.0 45.0 35.0 5.0 255 100 120